HOUSE,21,US,2,18,54,67,21,19,79,6,0,68,4,44,24,70,19,0,35,40,10,79,97,34,D
HOUSE,28,US,2,31,61,13,2,67,80,50,49,50,57,16,72,28,95,30,29,15,34,25,91,57,45,91,44,37,2,75,35,D
HOUSE,18,US,2,67,19,32,32,74,99,64,76,0,15,33,68,87,62,16,17,43,31,D
HOUSE,20,US,3,23,13,13,66,9,51,20,85,86,9,55,5,80,87,89,6,39,54,83,91,D
HOUSE,16,US,3,60,8,30,28,77,73,59,33,94,34,46,7,53,56,10,73,D
HOUSE,28,US,2,34,48,53,67,88,43,73,79,49,56,70,70,25,82,78,7,10,7,33,22,41,27,8,87,34,61,95,45,D
HOUSE,16,US,1,93,21,89,47,88,77,42,62,56,91,70,78,61,47,61,91,D
HOUSE,7,US,1,98,40,45,39,67,54,79,D
HOUSE,19,US,2,74,50,54,15,96,76,4,95,64,33,37,78,41,80,1,19,93,0,32,D
HOUSE,27,GPS,1,56,34,47,1,26,66,7,57,72,75,83,22,29,98,18,57,54,13,74,87,2,52,80,34,5,0,27,D
HOUSE,20,GPS,1,63,65,40,50,65,94,28,31,1,85,55,28,68,30,58,19,48,15,25,14,D
HOUSE,29,US,3,68,94,45,3,99,45,82,57,30,98,23,22,48,88,16,28,71,70,65,27,98,85,57,56,4,57,24,30,23,D
HOUSE,15,IMU,1,92,59,40,47,11,38,29,20,20,27,43,42,27,83,11,D
HOUSE,27,IMU,1,81,20,34,79,6,43,88,62,52,12,44,76,77,91,20,89,32,67,0,22,48,72,42,28,68,36,55,D
HOUSE,18,US,2,80,35,96,60,41,39,0,56,44,64,0,20,41,44,92,30,76,11,D
HOUSE,18,US,1,59,55,92,87,23,80,95,26,80,58,37,60,93,33,72,87,25,72,D
HOUSE,25,IMU,1,36,47,41,30,91,33,12,67,44,47,69,55,54,61,95,77,94,90,55,74,48,44,86,93,78,D
HOUSE,0,US,3,D
HOUSE,15,IMU,1,75,24,72,23,65,2,66,50,66,34,46,13,55,1,19,D
HOUSE,4,US,1,48,63,38,4,D
HOUSE,30,US,1,48,23,32,78,34,64,33,18,92,9,42,67,26,96,33,76,62,19,22,28,75,76,47,44,24,96,7,63,52,44,D
HOUSE,12,GPS,1,19,33,83,54,50,16,24,42,78,66,9,4,D
HOUSE,22,US,1,33,24,62,7,4,37,35,4,33,60,52,40,23,4,36,76,8,55,62,91,61,12,D
HOUSE,9,US,2,54,38,51,15,42,65,9,27,42,D
HOUSE,11,US,2,46,12,70,2,45,82,54,85,57,10,21,D
HOUSE,19,US,3,77,48,10,38,60,70,76,66,8,79,33,3,45,42,82,87,66,17,33,D
HOUSE,28,US,2,36,24,22,42,9,32,53,83,66,72,12,14,82,2,26,5,78,92,13,58,25,68,3,19,51,42,85,20,D
HOUSE,8,US,1,12,15,40,35,58,1,19,11,D
HOUSE,29,US,3,35,48,51,69,51,29,74,81,21,40,39,98,8,94,69,11,36,55,32,16,71,44,31,63,31,89,16,50,52,D
HOUSE,23,US,2,87,1,90,57,52,19,31,86,92,23,25,42,84,72,12,95,60,19,79,76,42,76,8,D
HOUSE,15,US,1,49,73,62,2,26,49,89,80,92,98,84,11,82,70,4,D
HOUSE,28,IMU,1,46,89,20,10,37,80,29,16,9,23,44,17,80,4,18,54,66,20,32,67,10,12,59,8,97,71,42,67,D
HOUSE,12,US,1,15,25,89,35,36,26,68,17,95,29,41,39,D
HOUSE,17,US,2,95,16,27,61,37,60,81,99,72,40,59,69,63,2,37,90,50,D
HOUSE,4,US,1,39,40,4,18,D
HOUSE,21,IMU,1,13,89,14,4,87,88,0,3,15,13,92,75,94,91,48,35,51,17,98,53,6,D
HOUSE,11,GPS,1,11,9,94,3,13,64,63,86,77,4,53,D
HOUSE,7,US,3,41,34,46,56,47,91,32,D
HOUSE,2,US,1,32,29,D
HOUSE,25,US,2,27,38,8,20,93,71,29,40,26,42,4,89,81,82,45,34,16,88,75,2,86,31,49,77,15,D
HOUSE,0,US,2,D
HOUSE,4,US,1,45,1,52,84,D
HOUSE,8,US,3,77,32,2,69,58,96,74,99,D
HOUSE,16,US,1,44,11,76,84,38,78,70,70,79,48,37,23,60,37,47,57,D
HOUSE,31,US,2,41,99,76,71,31,30,40,41,26,66,40,56,74,36,19,50,20,58,28,90,80,8,90,17,83,2,54,82,60,92,86,D
HOUSE,19,US,2,62,76,74,92,69,15,70,35,7,26,10,95,46,60,15,4,41,58,84,D
HOUSE,0,GPS,1,D
HOUSE,4,US,2,3,8,18,63,D
HOUSE,16,US,1,68,96,18,45,22,62,14,90,85,49,97,63,59,93,9,72,D
HOUSE,29,IMU,1,13,70,1,14,71,7,2,74,67,20,89,19,29,9,67,47,54,90,62,68,80,99,70,29,62,81,74,24,53,D
HOUSE,13,IMU,1,18,57,43,84,28,2,86,54,69,59,95,40,88,D
HOUSE,4,IMU,1,87,59,50,1,D
HOUSE,6,IMU,1,0,50,11,63,83,86,D
HOUSE,17,US,1,73,28,7,30,23,44,11,25,82,65,94,41,61,35,81,18,95,D
HOUSE,29,GPS,1,45,22,9,75,75,11,38,90,95,24,77,84,97,57,43,80,33,39,91,58,22,56,5,15,69,92,97,39,87,D
HOUSE,25,IMU,1,84,92,78,11,19,42,49,9,37,74,38,73,23,48,68,3,81,8,46,91,30,55,48,45,24,D
HOUSE,10,IMU,1,64,79,64,85,63,9,63,74,28,57,D
HOUSE,14,GPS,1,46,50,28,19,25,76,40,29,57,48,75,49,30,30,D
HOUSE,11,US,3,7,90,22,23,21,86,8,85,95,23,11,D
HOUSE,9,GPS,1,87,66,27,89,94,99,15,71,39,D
HOUSE,24,GPS,1,39,23,29,69,54,79,44,13,21,66,88,42,5,96,79,52,71,43,28,52,82,94,32,72,D
HOUSE,20,US,3,22,35,40,61,58,22,82,64,53,26,77,74,45,17,68,2,13,48,54,37,D
HOUSE,7,US,2,41,25,81,73,97,22,8,D
HOUSE,22,US,2,30,23,75,43,82,49,25,46,2,4,76,76,1,93,44,3,59,44,9,96,87,44,D
HOUSE,13,US,3,78,15,62,0,23,51,35,54,74,62,49,8,11,D
HOUSE,23,US,1,13,31,83,41,84,28,37,87,87,82,48,35,69,45,77,34,23,92,97,23,15,0,58,D
HOUSE,30,US,3,20,71,35,83,98,42,96,81,77,89,65,5,27,4,45,9,52,32,30,97,9,65,72,1,14,96,17,14,54,38,D
HOUSE,27,IMU,1,9,27,10,59,21,59,40,98,48,57,56,75,61,1,84,66,85,67,15,95,32,88,48,98,36,17,64,D
HOUSE,8,US,1,56,69,17,84,32,29,5,91,D
HOUSE,8,GPS,1,39,79,12,15,92,65,51,10,D
HOUSE,18,IMU,1,78,97,54,66,98,52,2,15,16,44,23,73,66,41,9,98,22,66,D
HOUSE,27,US,3,22,80,74,34,47,67,99,99,29,2,69,7,51,24,25,49,28,79,65,97,76,88,22,42,81,31,92,D
HOUSE,25,US,2,81,99,72,13,73,58,61,92,10,12,22,12,33,81,63,9,7,13,38,86,30,35,62,70,9,D
HOUSE,16,GPS,1,40,48,7,41,81,6,13,95,32,24,56,24,34,68,98,98,D
HOUSE,16,GPS,1,61,63,39,26,1,25,8,88,40,79,97,96,83,89,97,90,D
HOUSE,30,IMU,1,49,96,25,81,20,81,57,54,1,56,52,55,88,65,18,27,44,71,52,52,59,44,31,8,93,14,97,90,57,79,D
HOUSE,6,IMU,1,75,46,39,95,79,96,D
HOUSE,17,GPS,1,52,53,88,40,71,6,67,15,29,72,67,88,68,51,48,61,17,D
HOUSE,19,US,1,74,76,76,80,4,22,71,99,53,68,1,34,72,6,74,13,77,80,32,D
HOUSE,13,US,1,56,12,49,77,63,49,90,80,46,46,55,75,22,D
HOUSE,7,US,1,96,59,78,49,27,31,36,D
HOUSE,6,GPS,1,10,64,67,43,49,60,D
HOUSE,29,US,3,72,6,34,87,55,77,67,54,23,74,29,45,62,60,41,73,90,42,52,22,78,3,12,89,20,79,84,21,91,D
HOUSE,10,US,2,15,94,65,2,2,42,70,56,65,96,D
HOUSE,22,US,1,10,97,55,83,39,97,35,61,76,91,25,17,11,57,1,32,48,41,62,16,36,79,D
HOUSE,18,US,2,21,40,98,38,37,87,52,47,84,7,83,75,5,70,37,33,61,14,D
HOUSE,8,IMU,1,71,3,8,72,44,71,88,80,D
HOUSE,26,IMU,1,22,24,99,20,14,88,7,67,35,43,26,70,19,31,41,8,16,2,22,66,79,46,21,87,18,66,D
HOUSE,22,US,2,98,61,64,21,37,15,93,51,3,1,70,91,96,49,61,67,32,2,75,49,57,50,D
HOUSE,12,US,1,96,89,23,66,55,34,24,53,47,40,26,84,D
HOUSE,24,GPS,1,87,11,73,58,2,21,59,64,89,91,18,64,40,75,66,8,63,14,97,87,80,4,73,4,D
HOUSE,24,US,3,97,88,4,53,8,91,64,33,1,19,54,60,83,43,4,1,60,44,29,26,4,92,41,53,D
HOUSE,13,US,3,57,4,30,19,24,27,7,28,32,67,72,48,0,D
HOUSE,15,IMU,1,54,38,2,50,42,4,10,86,85,88,43,77,81,96,9,D
HOUSE,9,US,2,73,38,12,80,18,96,47,42,44,D
HOUSE,20,US,3,64,5,58,66,55,52,22,17,90,7,6,33,37,87,30,46,94,84,59,79,D
HOUSE,21,US,3,43,41,20,39,40,14,36,39,34,0,96,92,18,52,96,41,21,87,0,27,20,D
HOUSE,19,US,1,50,83,61,86,95,93,47,96,36,88,16,28,80,83,64,19,17,16,16,D
HOUSE,18,IMU,1,75,41,45,76,21,18,65,40,68,49,53,7,96,98,54,92,35,95,D
HOUSE,11,GPS,1,75,44,31,47,13,47,15,75,81,87,86,D
HOUSE,12,US,3,83,37,1,1,54,93,22,3,47,29,51,45,D
HOUSE,0,IMU,1,D
HOUSE,30,US,1,57,99,58,53,30,5,66,29,72,42,63,59,80,72,87,63,61,41,65,15,34,87,71,33,68,22,31,3,18,15,D
HOUSE,31,GPS,1,15,44,28,97,1,95,27,73,89,90,32,21,14,71,84,75,64,1,42,99,40,65,84,8,88,67,64,58,83,2,34,D
HOUSE,6,IMU,1,14,47,99,61,74,72,D
HOUSE,8,US,1,56,23,30,27,8,57,92,9,D
HOUSE,3,IMU,1,50,65,79,D
HOUSE,21,IMU,1,47,26,64,82,28,50,32,26,16,31,25,30,58,49,32,74,57,56,5,85,16,D
HOUSE,25,US,1,77,14,24,79,80,3,90,37,2,16,53,84,97,55,68,23,24,52,1,54,10,2,86,84,60,D
HOUSE,5,US,3,97,10,4,78,88,D
HOUSE,26,US,2,67,50,57,9,88,12,78,93,48,27,1,17,2,25,21,3,79,31,58,65,15,70,60,57,67,22,D
HOUSE,1,US,2,10,D
HOUSE,27,GPS,1,30,82,8,91,22,20,21,67,69,48,68,38,51,93,59,6,72,42,16,90,9,86,50,18,53,24,31,D
HOUSE,11,IMU,1,63,1,69,97,10,60,19,82,34,86,3,D
HOUSE,19,US,3,41,85,0,52,44,25,46,60,15,56,47,17,74,52,41,6,55,28,21,D
HOUSE,21,GPS,1,18,18,10,89,1,96,27,4,30,34,98,68,87,2,12,12,49,24,79,5,71,D
HOUSE,31,US,2,76,41,37,31,22,10,39,71,28,58,81,17,59,29,97,15,60,31,13,28,70,16,40,82,17,64,13,22,88,61,53,D
HOUSE,15,GPS,1,43,47,77,53,86,48,34,44,82,3,55,11,0,23,71,D
HOUSE,12,US,3,51,54,4,43,89,21,8,54,95,48,68,1,D
HOUSE,7,US,3,96,63,0,1,49,48,87,D
HOUSE,6,GPS,1,91,53,94,43,76,17,D
HOUSE,21,US,3,69,86,69,12,75,43,72,81,90,72,49,43,36,72,91,99,24,93,1,25,32,D
HOUSE,11,US,3,23,52,1,19,81,19,50,46,40,36,67,D
HOUSE,23,US,1,62,77,45,5,49,94,0,38,19,92,89,95,37,90,20,69,41,28,45,46,81,16,27,D
HOUSE,30,IMU,1,25,92,3,92,45,66,7,74,11,12,23,6,64,61,77,56,51,72,93,93,93,63,87,73,60,33,54,76,12,7,D
HOUSE,17,US,1,99,45,81,96,12,88,70,23,52,94,81,17,7,10,25,10,35,D
HOUSE,16,US,3,28,34,91,53,94,76,7,22,88,14,64,25,14,62,58,10,D
HOUSE,7,US,3,81,49,51,27,83,20,86,D
HOUSE,22,IMU,1,97,80,17,53,60,3,96,13,49,72,21,71,60,87,87,37,1,49,95,64,75,94,D
HOUSE,1,US,1,98,D
HOUSE,20,GPS,1,70,62,57,68,59,90,37,64,2,40,60,16,89,32,89,12,44,28,0,33,D
HOUSE,29,US,1,81,46,77,27,95,54,77,71,18,48,33,27,68,45,17,6,9,20,46,22,88,88,6,29,0,51,57,0,36,D
HOUSE,21,US,3,31,97,32,37,26,55,55,26,41,34,95,86,4,1,47,76,99,69,64,39,76,D
HOUSE,16,IMU,1,79,2,92,67,94,46,37,31,29,86,16,66,12,71,73,39,D
HOUSE,18,GPS,1,12,39,50,88,38,71,4,78,99,49,70,30,3,62,98,49,61,87,D
HOUSE,2,GPS,1,73,49,D
HOUSE,17,US,3,72,82,76,37,42,62,39,54,1,89,94,92,13,50,22,12,51,D
HOUSE,7,US,1,55,6,93,56,19,80,89,D
HOUSE,5,IMU,1,38,19,42,11,53,D
HOUSE,28,GPS,1,96,33,87,2,87,29,97,31,42,99,5,6,51,97,1,58,55,94,14,27,26,4,37,83,42,8,26,5,D
HOUSE,9,US,2,5,9,82,45,12,21,74,61,4,D
HOUSE,8,US,2,9,74,11,6,28,69,14,22,D
HOUSE,0,GPS,1,D
HOUSE,16,IMU,1,34,90,10,92,3,59,97,65,94,42,77,15,68,90,20,88,D
HOUSE,29,IMU,1,15,14,88,43,35,54,65,71,47,18,63,29,3,50,71,65,42,26,77,39,91,71,34,20,38,54,10,10,43,D
HOUSE,16,US,2,58,79,32,1,14,86,18,38,85,37,1,66,92,3,37,57,D
HOUSE,15,IMU,1,34,37,7,5,71,27,96,77,90,6,20,55,98,30,34,D
HOUSE,27,IMU,1,48,68,2,38,5,91,92,71,83,95,8,40,41,24,27,30,31,84,53,10,80,30,0,87,3,7,37,D
HOUSE,9,US,2,20,17,42,40,71,80,46,62,24,D
HOUSE,21,US,1,20,78,85,13,2,64,43,33,49,96,43,29,78,96,68,81,3,6,15,45,78,D
HOUSE,11,US,3,18,55,71,64,17,96,34,14,16,12,51,D
HOUSE,30,GPS,1,16,24,99,65,72,94,94,50,90,15,32,46,73,99,91,51,35,82,21,42,53,86,11,49,20,25,17,84,76,98,D
HOUSE,0,US,2,D
HOUSE,9,US,3,9,46,43,56,49,34,71,33,80,D
HOUSE,8,US,3,23,47,19,5,68,61,10,6,D
HOUSE,16,US,3,78,49,29,62,77,80,12,22,6,61,31,5,5,87,54,91,D
HOUSE,15,IMU,1,71,6,23,46,53,94,3,74,55,13,32,31,25,11,80,D
HOUSE,9,US,1,9,39,38,31,97,99,63,2,56,D
HOUSE,28,US,1,47,65,47,70,71,22,16,77,16,19,3,23,85,35,54,62,46,86,21,72,96,12,62,27,10,61,42,12,D
HOUSE,1,IMU,1,73,D
HOUSE,30,US,1,72,40,33,95,56,62,11,28,65,35,13,1,89,27,99,76,49,71,24,61,85,51,23,47,46,36,69,43,61,38,D
HOUSE,13,US,1,78,42,28,87,5,40,15,70,27,80,23,68,59,D
HOUSE,16,US,2,8,46,20,22,32,24,45,31,70,33,0,65,94,90,74,80,D
HOUSE,28,US,3,8,56,21,0,23,44,79,55,67,48,14,42,44,23,89,65,97,73,89,94,4,11,28,56,28,74,46,2,D
HOUSE,7,GPS,1,18,15,23,92,67,98,36,D
HOUSE,21,US,3,3,47,68,98,91,43,87,8,40,60,49,34,16,12,14,24,40,89,70,94,47,D
HOUSE,25,IMU,1,14,65,5,82,64,93,81,17,48,80,37,46,23,80,85,32,72,97,33,7,13,46,21,37,38,D
HOUSE,0,US,1,D
HOUSE,18,US,2,50,98,24,15,55,58,31,0,91,1,48,71,38,95,47,19,32,31,D
HOUSE,10,GPS,1,64,50,43,62,24,33,53,38,45,38,D
HOUSE,31,IMU,1,88,77,62,43,35,94,43,79,47,43,2,85,90,49,56,23,80,0,53,97,50,96,11,26,81,64,65,26,54,65,73,D
HOUSE,18,US,1,36,85,30,82,80,61,29,24,63,66,14,65,23,37,97,23,42,94,D
HOUSE,15,IMU,1,58,52,72,22,69,99,29,86,72,71,81,60,9,11,94,D
HOUSE,8,US,3,23,65,87,90,32,52,65,21,D
HOUSE,8,IMU,1,64,96,65,55,54,69,79,77,D
HOUSE,26,US,2,6,25,3,29,6,63,38,69,58,80,93,33,97,80,75,29,85,40,3,35,80,19,31,98,26,86,D
HOUSE,1,US,1,15,D
HOUSE,28,US,2,73,83,87,2,41,2,93,62,12,73,55,46,22,35,21,52,20,14,7,7,94,26,39,44,52,77,12,57,D
HOUSE,18,US,3,93,17,5,32,71,98,35,16,60,47,41,15,93,64,2,67,68,75,D
HOUSE,19,GPS,1,82,27,1,73,72,5,50,36,14,46,58,8,15,15,40,39,13,27,55,D
HOUSE,19,US,2,97,40,20,61,42,39,29,17,20,56,0,0,9,25,24,14,28,60,28,D
HOUSE,26,US,3,36,90,85,29,29,98,56,36,71,83,33,11,4,46,5,43,27,23,16,83,75,16,92,0,40,58,D
HOUSE,24,US,2,87,55,22,75,45,7,56,26,57,13,62,28,96,48,91,52,94,48,96,74,71,64,57,98,D
HOUSE,20,US,3,60,79,76,99,86,50,27,31,57,83,9,14,48,72,94,45,20,37,49,66,D
