HOUSE,2,1625235343,429211025,0,6,D
HOUSE,19,836577421,1988506690,4,6,3,0,4,6,1,0,2,2,7,4,5,7,1,1,7,3,1,D
HOUSE,16,870260893,1142961298,6,4,1,5,5,6,7,0,2,5,4,3,1,2,4,2,D
HOUSE,17,1997615214,717977289,4,0,2,5,7,5,6,0,3,0,1,1,4,2,6,2,0,D
HOUSE,11,665684522,921957554,6,5,4,0,2,6,5,0,7,6,4,D
HOUSE,30,1633876968,160761098,5,0,7,0,1,0,2,5,2,0,7,2,6,2,4,1,0,2,5,1,4,4,6,4,3,4,1,3,4,3,D
HOUSE,8,419027009,1108346971,2,4,0,4,2,2,4,1,D
HOUSE,9,1786997634,1133705011,3,4,3,1,5,7,5,3,3,D
HOUSE,11,311179015,915191548,3,7,5,4,3,5,6,7,6,2,1,D
HOUSE,21,1086879199,466541627,1,6,6,5,2,1,6,7,0,3,2,3,3,1,0,7,4,7,4,1,2,D
HOUSE,11,1594913247,2052736210,0,1,6,5,2,5,3,7,7,4,5,D
HOUSE,1,1922761188,1225814592,7,D
HOUSE,19,173014443,1307402423,7,7,7,0,1,0,0,3,0,2,7,0,3,5,5,5,2,0,5,D
HOUSE,17,1257490076,1474799730,0,3,2,7,7,5,7,2,5,6,1,5,7,1,5,3,1,D
HOUSE,18,958514714,1662842217,7,6,0,2,6,5,4,2,7,5,2,2,7,2,1,5,1,3,D
HOUSE,23,517321671,1344725060,6,6,5,1,7,4,3,1,7,3,7,7,5,6,4,1,0,3,6,3,6,5,5,D
HOUSE,3,716289474,1290603206,4,5,7,D
HOUSE,9,1022615739,288011205,5,5,5,0,6,4,3,5,3,D
HOUSE,17,857847827,1415082055,4,3,7,7,1,5,4,0,7,2,3,4,7,3,0,2,0,D
HOUSE,22,447985063,897746797,0,3,3,3,1,6,4,4,6,5,0,1,5,7,2,2,3,2,1,5,6,5,D
HOUSE,7,1982449153,359955285,1,6,6,7,5,6,2,D
HOUSE,14,1530205370,1724056723,6,0,4,3,0,5,0,0,7,2,3,2,4,1,D
HOUSE,25,1679858521,817478493,7,4,2,5,3,1,2,1,4,2,3,7,1,1,7,5,5,0,3,5,0,2,0,3,4,D
HOUSE,21,715095820,1826416092,2,5,4,6,0,2,1,1,4,3,5,7,6,5,0,0,4,5,5,4,0,D
HOUSE,26,165030612,246565843,0,7,6,4,4,4,6,1,0,5,1,2,6,3,7,1,0,6,0,5,6,0,2,3,5,6,D
HOUSE,11,586232295,988121418,6,0,7,2,4,6,4,5,3,5,7,D
HOUSE,27,1260496504,1414846998,1,4,3,6,2,3,0,6,0,7,2,7,2,1,1,5,7,2,4,2,6,2,6,3,5,3,3,D
HOUSE,10,1496628836,1262872393,5,6,5,3,0,0,4,6,0,3,D
HOUSE,1,50686231,1219543901,1,D
HOUSE,22,1137697049,1553039019,3,1,1,1,5,6,4,0,5,0,1,7,5,7,4,1,0,4,5,6,4,0,D
HOUSE,8,1422442188,39478117,5,7,1,0,5,4,1,6,D
HOUSE,2,1675268750,2000843517,6,2,D
HOUSE,0,342458216,1510404562,D
HOUSE,31,2073015878,992240721,3,6,6,7,6,5,3,3,5,0,2,7,0,7,3,2,6,1,0,3,3,7,5,5,7,7,5,6,6,6,6,D
HOUSE,24,463939212,449613060,2,1,4,5,6,4,7,5,5,7,1,7,5,2,7,0,5,6,5,2,5,5,0,4,D
HOUSE,28,388607526,1057193194,3,6,4,5,7,0,3,5,5,2,3,2,1,4,1,6,6,0,6,3,7,4,5,4,1,5,0,4,D
HOUSE,15,1295858538,607524520,0,4,4,7,5,7,5,2,2,0,4,3,4,5,2,D
HOUSE,5,1134808949,766688384,4,4,2,1,5,D
HOUSE,20,1777341745,1793354129,4,1,3,4,6,7,4,3,7,1,5,1,1,1,4,5,6,6,7,3,D
HOUSE,11,4177972,1491460312,6,1,1,6,2,2,2,6,4,5,3,D
HOUSE,16,1623944277,1487576332,2,5,1,3,1,6,1,0,5,4,7,1,4,2,7,5,D
HOUSE,30,1122831286,1221861880,0,6,2,6,1,4,3,0,1,7,0,3,4,1,6,5,7,7,5,4,3,4,5,0,7,5,5,2,3,5,D
HOUSE,10,714881963,188661468,1,5,6,4,6,7,3,6,2,7,D
HOUSE,23,579400,851022373,7,2,4,3,7,1,3,6,6,0,0,1,6,1,5,2,3,6,7,2,3,5,1,D
HOUSE,6,679068884,704622380,4,4,3,3,4,5,D
HOUSE,9,2085288759,1653746460,2,2,7,2,3,1,0,4,6,D
HOUSE,26,338053143,65362268,1,7,7,3,6,3,7,4,7,3,7,3,7,4,2,6,1,3,0,3,3,3,6,4,3,2,D
HOUSE,30,111505390,297396386,0,3,6,7,6,4,3,5,0,2,1,7,5,0,3,0,7,4,3,7,0,6,2,6,2,6,1,4,4,3,D
HOUSE,9,1102266812,72346862,3,5,5,6,2,5,1,3,4,D
HOUSE,14,2060807236,202168943,3,4,2,2,4,0,5,2,3,3,3,7,7,6,D
HOUSE,27,789438827,1707378645,6,2,0,5,4,5,6,0,1,4,4,1,3,7,5,5,1,1,5,6,3,0,1,7,0,0,5,D
HOUSE,22,551507067,1516399746,2,4,6,7,1,4,5,1,5,1,5,6,4,4,3,1,5,4,7,4,0,7,D
HOUSE,14,26825519,1874551751,4,2,1,7,0,3,3,6,2,4,2,7,5,0,D
HOUSE,29,695132906,1808947462,6,2,7,4,6,6,0,6,5,5,5,5,3,2,7,5,1,7,0,4,5,3,1,0,2,6,0,3,1,D
HOUSE,16,1039082393,392060687,0,3,7,6,3,5,3,1,3,0,4,5,7,1,6,6,D
HOUSE,13,1808218826,1277811932,3,4,7,2,4,3,3,2,4,2,3,4,6,D
HOUSE,23,1223163266,620964441,5,2,2,6,7,7,5,0,5,4,2,0,0,7,3,4,7,5,0,2,0,2,6,D
HOUSE,1,1006716213,1344453866,7,D
HOUSE,25,1506422298,1138605055,5,1,7,4,1,5,4,6,1,7,6,1,6,2,5,5,7,5,7,0,7,5,3,5,7,D
HOUSE,30,1457553620,609148683,3,5,3,5,4,7,6,1,4,4,2,3,3,3,1,5,0,7,4,5,6,4,5,4,7,2,3,3,6,7,D
HOUSE,13,151582666,1280097020,7,0,5,5,2,1,1,4,4,4,0,5,1,D
HOUSE,22,1550484484,758700286,3,2,3,7,2,5,2,5,3,1,7,5,5,5,4,6,2,1,0,3,3,4,D
HOUSE,12,688095311,1836157420,1,5,1,7,3,4,1,6,3,3,3,5,D
HOUSE,16,1031972214,550293967,4,4,5,0,2,7,2,2,2,5,7,1,4,3,6,5,D
HOUSE,3,724468399,1574074780,3,6,1,D
HOUSE,19,1258707913,1739895772,2,3,2,3,7,7,0,7,1,0,1,4,2,6,3,4,3,6,2,D
HOUSE,5,2092670063,1281262801,2,4,3,4,2,D
HOUSE,23,1249781560,2100366861,3,0,2,2,7,2,2,0,2,3,4,5,2,7,1,5,6,3,5,5,4,2,7,D
HOUSE,10,1077093021,1199872947,2,4,7,1,7,7,3,2,6,5,D
HOUSE,5,498048335,392669019,1,3,6,6,1,D
HOUSE,13,1324524372,1557033062,6,5,5,4,1,7,6,5,6,7,4,6,2,D
HOUSE,26,1976736820,745248407,3,7,2,7,4,3,2,2,2,3,3,6,1,0,4,6,5,0,7,4,6,4,3,5,1,1,D
HOUSE,7,2020685951,1371445085,2,1,6,4,0,3,7,D
HOUSE,21,1058641173,2031543465,1,7,6,1,4,4,7,4,4,3,3,0,6,0,1,7,0,1,5,7,3,D
HOUSE,22,636494509,1880437791,0,6,0,6,0,5,7,7,3,0,3,7,7,0,3,3,3,4,1,3,5,1,D
HOUSE,2,1933165558,146297518,1,4,D
HOUSE,8,1690093808,892064858,7,2,6,7,7,5,6,2,D
HOUSE,21,1667798778,1331278745,2,5,0,5,1,2,0,6,3,4,5,1,6,6,5,6,7,7,7,6,1,D
HOUSE,11,513500645,7851160,3,2,1,5,3,6,7,0,7,4,1,D
HOUSE,4,2128070837,622544752,1,5,5,7,D
HOUSE,26,1512220522,1517634414,1,5,0,2,2,5,2,5,1,4,6,6,7,5,6,0,4,2,1,5,7,1,1,0,6,6,D
HOUSE,22,1908803442,2080270752,4,1,3,5,3,5,2,5,3,3,1,1,2,0,6,0,0,2,2,2,7,2,D
HOUSE,18,1476872752,1061828410,6,2,4,6,0,0,7,3,5,2,1,0,7,4,3,0,5,5,D
HOUSE,1,3466276,644286437,6,D
HOUSE,22,1290358514,261924879,4,1,5,7,5,3,7,5,3,3,3,5,4,3,5,0,6,5,5,4,6,1,D
HOUSE,25,758246136,1573030480,3,6,3,2,4,0,3,1,7,0,5,6,6,0,1,1,5,5,4,2,5,2,0,3,6,D
HOUSE,22,726657372,1986350184,4,1,2,2,5,4,7,5,0,0,4,0,5,2,6,5,4,7,3,1,3,5,D
HOUSE,10,1298328110,642029829,4,4,6,4,2,3,6,4,5,3,D
HOUSE,17,968624068,449955336,5,4,1,2,6,0,0,2,7,3,4,3,0,3,1,6,5,D
HOUSE,26,1410058498,1788361427,4,6,0,1,4,3,2,0,3,3,5,7,4,0,5,4,0,0,4,3,4,7,3,7,0,1,D
HOUSE,31,664697221,1596233099,7,0,6,7,1,2,2,3,2,5,6,0,4,2,0,2,7,0,2,3,3,6,2,6,5,2,0,1,7,3,0,D
HOUSE,30,925586675,2011918102,4,0,1,7,3,6,5,3,3,0,3,5,7,3,7,2,6,5,4,4,2,6,4,3,5,0,3,4,3,2,D
HOUSE,28,411153768,186683514,7,5,2,5,0,5,5,3,2,4,6,1,6,4,6,2,1,0,0,5,3,5,5,7,2,1,1,5,D
HOUSE,16,784645355,365490865,1,3,5,1,1,2,5,3,6,3,5,4,0,3,6,1,D
HOUSE,15,259774014,109401870,4,4,6,6,5,7,3,6,3,4,6,4,7,4,5,D
HOUSE,4,813852870,1916512554,5,6,1,1,D
HOUSE,7,1924151276,1024987664,0,6,5,0,2,1,6,D
HOUSE,11,1336631862,1814841846,4,1,7,3,5,7,7,2,7,5,5,D
HOUSE,20,1653100778,1975649259,4,1,1,4,0,1,2,5,1,5,7,0,5,5,6,1,2,7,0,5,D
HOUSE,22,1227700247,717710988,7,1,3,2,4,6,7,0,7,0,4,7,1,6,5,3,3,4,3,1,1,1,D
HOUSE,2,88364227,109192592,0,4,D
HOUSE,25,1163603292,412713762,6,6,3,2,4,2,2,4,2,6,3,4,4,0,7,0,4,2,1,6,3,3,1,3,5,D
HOUSE,22,1678695671,667192951,1,0,4,7,4,6,4,6,0,0,1,6,3,5,3,4,4,3,0,6,4,6,D
HOUSE,18,1751458220,324984348,3,4,0,4,4,5,4,0,3,0,7,4,0,0,2,3,5,5,D
HOUSE,8,299666313,989607920,7,4,6,0,3,6,4,0,D
HOUSE,9,326398271,1071829700,3,0,6,7,1,1,7,0,5,D
HOUSE,3,1197919640,2046762016,5,5,2,D
HOUSE,13,2127671774,84999338,2,1,5,6,7,1,6,0,0,2,1,3,2,D
HOUSE,0,1304054883,1645419267,D
HOUSE,2,1202340147,1687522638,3,6,D
HOUSE,7,586991328,577381211,6,1,2,3,4,3,0,D
HOUSE,8,1639299170,730143521,2,1,2,3,5,4,2,0,D
HOUSE,27,1741801563,1709161426,1,4,7,7,1,7,2,1,6,4,3,1,0,6,2,2,0,3,2,3,5,4,6,2,0,1,2,D
HOUSE,28,963810620,1990973156,5,1,3,4,2,2,6,3,0,2,6,2,2,4,4,4,5,7,6,0,4,2,6,6,3,7,0,3,D
HOUSE,24,1179127525,782125079,6,2,4,0,5,3,4,5,5,2,7,0,7,3,4,4,3,3,4,7,5,2,6,0,D
HOUSE,29,379721190,700890644,3,3,6,1,6,2,2,3,5,6,0,3,0,0,3,7,3,7,3,6,2,7,6,0,2,4,0,4,2,D
HOUSE,24,1640473473,478221286,7,7,6,2,1,1,7,7,1,2,0,1,5,7,5,5,3,3,7,2,1,7,4,5,D
HOUSE,4,604701184,1752368352,2,6,4,1,D
HOUSE,31,809647962,2114738875,3,3,6,5,5,6,6,3,6,3,0,1,7,7,3,0,7,0,6,7,0,6,3,2,4,0,4,1,2,7,0,D
HOUSE,27,476897410,855138807,0,5,1,3,3,5,3,4,4,2,0,4,1,0,2,0,0,0,4,3,4,4,7,6,6,6,6,D
HOUSE,15,1642536753,2120946101,1,3,1,4,6,6,7,3,2,1,3,6,3,3,1,D
HOUSE,23,333132595,1401875425,6,6,3,5,4,2,4,2,6,5,0,6,6,3,7,2,1,5,1,4,7,2,7,D
HOUSE,14,844489837,1459995298,1,6,0,0,4,6,4,2,2,6,6,4,4,3,D
